TITLE:Sweet Sweet Magic
BPM:179
WAVE:Sweet_Sweet_Magic.WAV
OFFSET:5.84
#START
#MEASURE 4/4
0,
1000200212102010,
12020202,
1000200212102010,
1000100210102020,
1000200212102010,
12020202,
1000200212102010,
22111122,
#MEASURE 5/4
30221022112211100000,
#MEASURE 4/4
1000100110102010,

1000100110102010,
1000100110102010,
1000100120102010,
1000100110102010,
1000100110102010,

1000100110102010,
4040303000112000,
1000100110102010,
1000100110102050,
00080115,

00080000,
30304121,
1000100110102010,
1000100110102010,
43340000,

10011020,
10011020,
10011020,
1000202012201020,
1000201110102000,

1000201110102000,
1000201110100011,
1010001110200050,
00000800,
3030303011111111,

#GOGOSTART
1022102210201020,
1022102210201020,
1022102210201022,
1011102211104011,
1022102210201020,

1022102210201020,
1022102210201022,
1011102211204000,
10210121,
02210121,

02210121,
03333040,
#GOGOEND
0000000000000000,
10101122,
10101222,

10101112,
1220122011111111,
10101121,
10101222,
10101221,

04040400,
10011020,
10011020,
10011020,
1000202012201020,

1000201110102000,
1000201110102000,
1000201110100011,
1010001110200020,
1122112211221000,

3030303011111111,
#GOGOSTART
0000,
1022102210201020,
1022102210201020,
1022102210201022,

1011102211104011,
1022102210201020,
1022102210201020,
1022102210201022,
1011102211204000,

10210121,
02210121,
02210121,
03333040,
#GOGOEND
1000200212102012,

12020202,
10401140,
10404400,
1000200212102012,
12020202,

10401140,
1110402211104000,
1011101111111111,
0,
000300000000111111111111,

21120030,